list(Nyear=2.00000E+01, origin=0.00000E+00, tgrid=c(1.00000E+00, 2.00000E+00, 3.00000E+00, 4.00000E+00, 5.00000E+00, 6.00000E+00, 7.00000E+00, 8.00000E+00, 9.00000E+00, 1.00000E+01, 1.10000E+01, 1.20000E+01, 1.30000E+01, 1.40000E+01, 1.50000E+01, 1.60000E+01, 1.70000E+01, 1.80000E+01, 1.90000E+01, 2.00000E+01), ntimes=2.00000E+01, tol=1.00000E-03, Lynxinit=4.00000E+00, Lievreinit=3.00000E+01, Lynx=c(6.10000E+00, 9.80000E+00, 3.52000E+01, 5.94000E+01, 4.17000E+01, 1.90000E+01, 1.30000E+01, 8.30000E+00, 9.10000E+00, 7.40000E+00, 8.00000E+00, 1.23000E+01, 1.95000E+01, 4.57000E+01, 5.11000E+01, 2.97000E+01, 1.58000E+01, 9.70000E+00, 1.01000E+01, 8.60000E+00), Lievre=c(4.72000E+01, 7.02000E+01, 7.74000E+01, 3.63000E+01, 2.06000E+01, 1.81000E+01, 2.14000E+01, 2.20000E+01, 2.54000E+01, 2.71000E+01, 4.03000E+01, 5.70000E+01, 7.66000E+01, 5.23000E+01, 1.95000E+01, 1.12000E+01, 7.60000E+00, 1.46000E+01, 1.62000E+01, 2.47000E+01), Nesp=2.00000E+00)
